Ld=134;
Lq=273;
pm=616;
Rs=277;
p=23;
J=263;
B=263;

